$ANSIBLE_VAULT;1.1;AES256
64653565323165393832393862313636613331373837373762396131396636376661643664366131
3663626261663961373665383865393032346337663939340a393237633530333161303530326538
36633261626634323631643530623530653738356364663666343734316137396636323139643366
6336663164306139390a323531316533663964643465633930366530326163373166353362363631
61386135636161316638353364626165353137393338346331373330626234313236336232643137
31613166343864346563643063623733633365633938383263366663653365356563323430363832
34346635333132616235386331326666653262653531636631633132386334656665643464616661
31633030626665616534663135363332336136303331666233323463653462336664313433666435
31633466303162626539643231346536373663363766623433373336336134343637313362303439
61616131316238643763363132663836633931373934613437643666303261623636393536306264
66623133623561343935366634386234353065643836393336343564613239623232623335346538
38363231383934316338333230333166636434326638316164646363383631366465306235656630
62376437626664326337353465616166356266376164643964633466346231303730363765623864
62386239353462396430333163343861363965376536316631366334393862656161333332303438
39303637383566613239393363386430646632653462663035303562313539333039313436336162
38653463306665646161353762663436313265663165636461666532363161333832356562656363
66613930333861313135383334646163373265653834653337323236636266646633333266646431
37623539613835356561356230346535393764376433303234386437626635616136626565623934
32366433666138303537346665663264353736383136393030616232386661313532656634653939
35356239396165396466626231386436613134616536306465373266343564313463343034613730
39346161333364336534663730636632383139303933393761646434323535363966613264323738
37316261363766633830653764393834343839363036303135646331343537323131373834653137
35313736333635343736346536356430313066366639643435336662623234353439363233613930
33373034363137303038666132333333616135356233376261633030663230333639383631663165
6261
