$ANSIBLE_VAULT;1.1;AES256
64316562623936356564656234333430396265306461653535613638333135386339326261373266
3137313233306335323433643565316436636436393430660a306131363761373831353331653833
65373634376164353039363239353666373430663263366631656233393963386434343932383339
6635613831326435320a386432626635393632363731396232613537353834633932323336383833
37636538353264353130653239346265646337336362636536386236316333316537643431643930
64396236303461306233313235336239333838656139303561346366646565646134323462656132
61336435343032613362653666326634343835373437323138656430386439636261393233656666
30353635623932323632626338633934666664616361383435383333626632653237666333353339
32303364306563306535316666643064343166363436663663353635353964343862363261353535
39666638666165336164646163353761616134646234333139333336653634653431383039306538
64616163333234383135623264343564366238313462633730626239376535613064663566333434
33613861363963623762636536313365336565643632663235313632613061313030313332313865
66343062373738373033356531326262336665306161383764353162633134653830376436643566
33396464636265343530333934626361336539646133373765376262313339333231373130633339
32303333393365623563363431383336306338383131316364346639653633363536643530666330
37333134313339653162663331636135656464623339323365386261326661336338633837626531
32313132313035313235643532313438333030306261663732643266363463393333383632383233
6438303333623962386663316437636335666261393338386435
